[gd_scene load_steps=5 format=3 uid="uid://rem7w4waif8o"]

[ext_resource type="PackedScene" uid="uid://cc6elajtsujff" path="res://BowlingSimulator/objects/pin.tscn" id="1_6bu31"]

[sub_resource type="BoxMesh" id="BoxMesh_ke83q"]

[sub_resource type="StandardMaterial3D" id="StandardMaterial3D_tqs3p"]
diffuse_mode = 3
albedo_color = Color(0.329158, 0.329158, 0.329158, 1)
roughness = 0.0

[sub_resource type="BoxShape3D" id="BoxShape3D_2abr3"]

[node name="TestScenePhysicsObjects" type="Node3D"]

[node name="World" type="Node3D" parent="."]

[node name="Floor" type="Node3D" parent="World"]
transform = Transform3D(10, 0, 0, 0, 0.5, 0, 0, 0, 10, 0, 0, 0)

[node name="MeshInstance3D" type="MeshInstance3D" parent="World/Floor"]
transform = Transform3D(1, 0, 0, 0, -4.37114e-08, 1, 0, -1, -4.37114e-08, 0, 0, 0)
mesh = SubResource("BoxMesh_ke83q")
surface_material_override/0 = SubResource("StandardMaterial3D_tqs3p")

[node name="StaticBody3D" type="StaticBody3D" parent="World/Floor/MeshInstance3D"]

[node name="CollisionShape3D" type="CollisionShape3D" parent="World/Floor/MeshInstance3D/StaticBody3D"]
shape = SubResource("BoxShape3D_2abr3")

[node name="Pin3" parent="World" instance=ExtResource("1_6bu31")]
transform = Transform3D(1, 0, 0, 0, 1, 0, 0, 0, 1, -2, 3, 0)

[node name="Pin4" parent="World" instance=ExtResource("1_6bu31")]
transform = Transform3D(1, 0, 0, 0, 0.898112, 0.439767, 0, -0.439767, 0.898112, 0.805679, 3.37396, 0)

[node name="Pin5" parent="World" instance=ExtResource("1_6bu31")]
transform = Transform3D(0.795245, 0.374333, -0.476929, -0.42589, 0.904775, 0, 0.431513, 0.203119, 0.878942, -0.655667, 3, 0)

[node name="Camera3D" type="Camera3D" parent="."]
transform = Transform3D(1, 0, 0, 0, 1, 0, 0, 0, 1, 0, 2.24606, 5.85498)

[node name="DirectionalLight3D" type="DirectionalLight3D" parent="."]
transform = Transform3D(0.45657, 0, 0.889687, -0.41535, 0.884337, 0.21315, -0.786783, -0.46685, 0.403762, 0, 2.17879, 4.80848)
